13650392.0000
N.A
5595198.0000
2338703.0000
242684.0000
6843645.0000
336856.0000
1399576.0000
703461.0000
1831865.0000
617889.0000
2943405.0000
6115000.0000
400334.0000
692931.0000
31818206.0000
10555323.0000
23519263.0000
53542595.0000
68393.0000
N.A
1031764.0000
9361268.0000
N.A
N.A
1189590.0000
750990.0000
29817712.0000
578116.0000
532911.0000
46181.0000
2769744.0000
71304.0000
27792934.0000
35662767.0000
16581712.0000
2703426.0000
18200647.0000
21581327.0000
69404020.0000
56689709.0000
171679.0000
850447.0000
571727.0000
1353087.0000
83077.0000
168695.0000
N.A
28017.0000
1799189.0000
1082468.0000
693748.0000
637144.0000
8827913.0000
176264.0000
1082468.0000
693748.0000
637144.0000
8827913.0000
176264.0000
1082468.0000
693748.0000
637144.0000
8827913.0000
176264.0000
117823.0000
3953000.0000
8267440.0000
102957.0000
2172544.0000
605792.0000
3182769.0000
900055.0000
N.A
9036339.0000
19504.0000
41233504.0000
522384.0000
13157021.0000
1086345.0000
229172.0000
514276.0000
154160.0000
N.A
4269290.0000
856205.0000
N.A
299866.0000
253147.0000
5200425.0000
4684290.0000
5096717.0000
24903677.0000
1279516.0000
2403065.0000
587179.0000
2098121.0000
8935619.0000
3995.0000
8389.0000
682173.0000
478630.0000
29184465.0000
683790.0000
604347.0000
1575605.0000
908596.0000
109008.0000
15050230.0000
N.A
42025.0000
975737.0000
5296568.0000
1974604.0000
276351.0000
1420835.0000
2320974.0000
4078672.0000
N.A
293244.0000
315332.0000
1367492.0000
1916703.0000
1102074.0000
47059.0000
315332.0000
1367492.0000
1916703.0000
1102074.0000
47059.0000
2923546.0000
4676046.0000
999621.0000
270292.0000
363694.0000
358739.0000
957822.0000
2152742.0000
16925863.0000
310905.0000
558395.0000
600981.0000
2794290.0000
558197.0000
87330.0000
1044925.0000
1486542.0000
656287.0000
55039.0000
16073350.0000
2008436.0000
1837555.0000
21663137.0000
N.A
2003130.0000
220063.0000
1193054.0000
186344.0000
6185821.0000
1823713.0000
1484888.0000
350528.0000
N.A
2526572.0000
1731744.0000
1311154.0000
25447654.0000
15983674.0000
1917278.0000
177122.0000
238517.0000
1633281.0000
3488962.0000
4075463.0000
25004253.0000
228612.0000
1616461.0000
798830.0000
2769659.0000
191429.0000
683258.0000
14433105.0000
121143225.0000
322560.0000
2560737.0000
24573.0000
2582322.0000
1815034.0000
1100465.0000
2558371.0000
8567768.0000
640079.0000
3322711.0000
284662.0000
2129067.0000
7531104.0000
15832498.0000
5720952.0000
1626308.0000
1165342.0000
395619.0000
1130137.0000
5174975.0000
169601.0000
13047085.0000
355654.0000
697316.0000
616579.0000
630310.0000
316540.0000
41835.0000
25645.0000
1306620.0000
985680.0000
248761.0000
848791.0000
99591.0000
1119239.0000
305763.0000
N.A
1971845.0000
442443.0000
140741.0000
1043698.0000
121053.0000
1279321.0000
483167.0000
291693.0000
N.A
12689938.0000
N.A
338798.0000
5473777.0000
241845.0000
12408.0000
4628653.0000
2891708.0000
N.A
N.A
109058.0000
1648730.0000
9513278.0000
194737.0000
175512.0000
40798811.0000
8459540.0000
53492902.0000
3658108.0000
33007.0000
4397000.0000
247098.0000
2649658.0000
467203.0000
3356269.0000
243659.0000
11908922.0000
8161496.0000
1453643.0000
18514026.0000
272729.0000
1023993.0000
799909.0000
56841.0000
1682382.0000
N.A
2111625.0000
484803.0000
10174345.0000
524103.0000
N.A
673481.0000
567149.0000
92480.0000
3584980.0000
1299766.0000
2080510.0000
45287223.0000
11176795.0000
13046158.0000
1511014.0000
724090.0000
6050.0000
18082790.0000
4053579.0000
3311880.0000
60115383.0000
N.A
3433965.0000
1313411.0000
544212.0000
22196200.0000
369246.0000
N.A
936968.0000
2425351.0000
62232747.0000
85205.0000
1729217000.0000
601023.0000
3768342.0000
303762.0000
72367778.0000
1939497.0000
N.A
26546.0000
N.A
2709498000.0000
13451000.0000
1079427.0000
278687.0000
18468668.0000
86441022.0000
N.A
N.A
623312.0000
92488.0000
2715220.0000
1803704.0000
3858437.0000
8035683.0000
343828.0000
728313.0000
656660.0000
694310.0000
358731.0000
18250691.0000
132.0000
6152175.0000
284043.0000
30470123.0000
1302323.0000
1051154.0000
483183.0000
447005.0000
5609.0000
474626.0000
1768367.0000
744730.0000
3124460.0000
2690261.0000
767365.0000
755302.0000
N.A
42717.0000
390483.0000
3789286.0000
137932.0000
18857554.0000
1452863.0000
12741584.0000
44072.0000
887725.0000
383081.0000
29747736.0000
1692835.0000
95851.0000
1526531.0000
71164.0000
5252325.0000
28506.0000
207254.0000
164712.0000
55673.0000
2441750.0000
331185.0000
520674.0000
228808.0000
477223.0000
55565835.0000
644403.0000
388074.0000
5375646.0000
454904.0000
67451000.0000
4405000.0000
385560.0000
263831.0000
1504661.0000
673404.0000
2381261.0000
255000.0000
51862.0000
1073752.0000
918342.0000
2528194.0000
9092749.0000
26009745.0000
243390.0000
14137919.0000
109665.0000
632622.0000
629069.0000
2562839.0000
38977.0000
2624721.0000
18387.0000
N.A
427681.0000
14360.0000
1844447.0000
734019.0000
28469867.0000
1647662.0000
1024360.0000
5923195.0000
10574055.0000
614698.0000
534757.0000
N.A
408110.0000
1861804.0000
25973480.0000
3530819.0000
15277443.0000
43773597.0000
7114630.0000
5019710.0000
N.A
1689349.0000
5043941.0000
992008.0000
1396865.0000
4349529.0000
7136043.0000
815415.0000
3417626.0000
10209553.0000
2881101.0000
19199366.0000
2547429.0000
911742.0000
19961494.0000
4328041.0000
22919949.0000
1173000.0000
22021606.0000
9189866.0000
10234160.0000
5504562.0000
381746.0000
N.A
1562499.0000
10462455.0000
5013675.0000
2000652.0000
3196163.0000
887580.0000
2068751.0000
3423403.0000
11785122.0000
117617.0000
1725402.0000
2259316.0000
56765449.0000
923890.0000
22507525.0000
172322.0000
268932000.0000
5293899.0000
11948942.0000
419632.0000
7296210.0000
N.A
213261.0000
419701000.0000
414545.0000
226243.0000
1786069.0000
1822640.0000
1314240.0000
16920383.0000
6450592.0000
1131540.0000
6274233.0000
5469104.0000
303263.0000
5124815.0000
3496862.0000
1001469.0000
10068083.0000
27414779.0000
5033637.0000
1148809.0000
3456017.0000
9074153.0000
8861828.0000
198193001.0000
230179000.0000
108839.0000
186942.0000
1526724.0000
128806.0000
79093073.0000
1014288.0000
0.0000
1007634.0000
408654.0000
4854314.0000
65331.0000
13564218.0000
2870176.0000
971280.0000
4967713.0000
1249898.0000
4192341.0000
30184998.0000
2112307.0000
707851.0000
15577880.0000
402566.0000
16993301.0000
21284.0000
39550.0000
272588.0000
220230.0000
27985.0000
38542427.0000
50165526.0000
3521097.0000
2670632.0000
1978656.0000
48909.0000
625742.0000
1956851.0000
3875019.0000
19179617.0000
15615984.0000
11129.0000
1588671.0000
1942330.0000
1866217.0000
291565.0000
1311009.0000
97061.0000
59621.0000
55645.0000
53439.0000
N.A
189975.0000
65452.0000
458309.0000
439715.0000
2153432.0000
N.A
16870545.0000
29213330.0000
4326048.0000
34246619.0000
385376.0000
N.A
124643.0000
523264.0000
351858.0000
23306125.0000
1112339.0000
80818355.0000
734468.0000
667851.0000
141094.0000
655768.0000
N.A
220272.0000
2091656.0000
1409036.0000
296800.0000
676933.0000
120668000.0000
1292946.0000
365754.0000
42067.0000
521521.0000
5899109.0000
3052000.0000
1242495.0000
1730.0000
7132715.0000
1103701.0000
1598613.0000
2932083.0000
24201.0000
929933.0000
175233.0000
3511795.0000
3881659.0000
61954443.0000
11185098.0000
63811.0000
94245.0000
256395.0000
26224119.0000
981813.0000
3714938.0000
7346031.0000
521696.0000
4192960.0000
10822042.0000
3133354.0000
0.0000
198215.0000
921066.0000
1863757.0000
5251663.0000
3690623.0000
2545265.0000
1016431.0000
488106.0000
1010030.0000
N.A
428312.0000
N.A
1025.0000
6063336.0000
684476.0000
259434.0000
380136.0000
N.A
762482.0000
710535.0000
1826216.0000
614505.0000
32475333.0000
N.A
186340.0000
356624.0000
2172970.0000
24448193.0000
389292.0000
16874747.0000
1502859.0000
1288516.0000
163045.0000
30911.0000
66517.0000
